25
26
35
36
41
42
54
55
63
64
65
66
67
68
72
73
74
75
76
77
78
92
93
94
95
113
118
119
122
129
130
143
163
164
169
172
173
183
184
185
190
194
195
198
200
201
203
208
214
215
223
224
226
242
265
266
267
268
269
278
279
298
307
308
315
339
340
349
350
358
387
388
389
390
391
392
393
394
395
396
397
398
399
400
401
402
403
404
405
406
407
408
409
410
411
412
413
414
415
416
417
418
419
420
421
422
423
424
425
426
427
428
429
430
431
432
433
434
435
436
437
438
439
440
441
442
443
444
445
446
447
448
449
450
451
452
453
454
455
456
457
458
459
460
461
480
481
482
483
484
490
