512
513
514
515
516
517
518
519
520
521
522
523
524
525
526
527
528
529
530
19
20
531
532
533
534
535
536
27
28
537
538
539
540
541
542
35
36
37
38
39
40
41
42
546
547
548
549
550
551
552
553
554
555
556
54
55
559
560
58
59
563
564
565
566
567
568
569
570
571
572
573
574
575
576
577
578
579
580
581
582
583
81
82
586
587
588
86
87
88
89
593
594
595
596
597
95
599
600
601
602
603
604
605
606
607
608
609
610
108
109
110
614
615
616
114
618
619
620
621
622
120
121
625
626
627
125
126
127
631
632
633
131
132
133
134
135
136
636
637
638
643
644
645
639
647
648
649
640
641
642
617
169
543
173
174
544
179
180
181
646
183
184
545
191
192
193
196
197
206
207
208
612
213
214
215
220
221
222
223
224
225
226
227
635
239
240
557
246
247
248
558
561
562
278
279
287
288
289
298
299
300
301
304
305
306
315
623
320
321
322
323
325
326
328
329
330
613
333
334
335
336
337
338
341
342
343
344
624
351
353
354
357
359
363
364
365
374
375
376
584
585
634
589
406
407
611
590
591
415
416
418
419
592
425
426
427
428
436
437
628
447
448
598
451
452
453
454
455
458
461
462
463
465
466
467
629
469
470
471
472
473
476
630
494
495
496
497
498
499
500
501
502
503
504
505
506
507
508
509
510
511
