1
2
3
4
5
6
7
8
9
10
11
12
13
14
15
16
17
18
21
22
23
24
25
26
27
28
29
30
31
32
33
34
39
40
41
42
43
44
45
50
51
54
55
60
61
62
63
64
65
66
67
68
69
70
71
72
73
74
75
76
79
80
81
82
83
84
85
90
91
92
93
94
95
100
101
102
103
104
105
108
111
112
115
116
117
118
119
120
121
122
123
124
127
128
129
130
131
132
133
134
135
136
142
143
144
145
146
147
148
149
150
161
162
163
164
165
166
167
168
169
170
171
172
174
179
180
181
182
183
184
185
186
187
188
189
193
194
195
196
197
198
199
202
206
207
208
209
210
211
212
213
214
215
216
217
218
219
220
221
222
223
224
225
226
227
228
229
230
235
238
241
246
247
248
261
262
263
264
270
271
272
276
277
278
279
280
281
282
283
284
290
291
292
293
294
295
296
297
298
299
300
301
302
303
304
305
306
307
308
309
310
311
312
313
314
315
316
317
318
319
320
321
324
325
326
327
328
329
330
333
334
335
336
337
338
339
340
341
342
352
353
354
358
359
360
366
367
368
369
370
371
372
373
396
397
398
399
400
406
407
412
413
414
415
416
417
418
419
425
426
430
433
434
435
438
439
441
443
444
445
446
447
448
449
450
451
452
453
454
455
458
459
460
461
462
463
464
469
470
471
472
473
475
476
479
504
505
509
510
511
512
513
514
515
516
524
525
526
527
528
531
532
533
534
538
539
543
544
545
550
551
552
553
557
558
559
560
561
568
569
570
571
574
575
576
577
578
579
580
581
582
583
584
587
588
589
590
591
594
597
598
607
608
609
610
611
612
613
614
615
616
617
618
619
620
621
622
623
624
625
631
632
633
634
635
650
651
652
653
654
655
656
657
658
659
660
661
662
663
664
665
666
667
668
669
670
671
672
673
674
675
676
677
678
679
680
681
682
683
684
685
686
687
688
689
690
691
692
693
694
695
696
697
698
699
700
701
702
703
704
705
706
707
708
709
710
711
712
713
714
715
716
717
718
719
720
721
