10
11
12
524
525
526
19
20
21
22
25
26
27
28
546
35
36
37
38
39
40
41
42
547
548
549
46
47
551
552
50
51
52
53
54
55
56
57
58
59
60
61
62
63
64
65
66
67
68
582
583
72
73
74
75
76
584
587
79
80
81
82
594
88
89
90
91
92
93
94
96
97
102
103
104
105
113
115
627
628
118
119
120
121
629
123
630
125
126
127
128
129
130
131
132
133
134
135
136
137
142
143
147
148
149
661
662
663
742
743
744
674
675
165
166
167
168
169
170
171
172
173
174
185
186
700
703
704
705
706
707
196
197
198
199
200
708
709
718
209
210
722
212
723
724
215
725
726
727
728
729
730
222
553
731
225
732
227
733
734
735
736
737
233
738
235
739
740
741
239
240
241
242
746
747
748
749
750
751
752
753
754
755
756
757
758
759
760
761
762
763
764
765
766
767
768
769
770
771
772
773
774
775
776
777
778
779
780
278
279
564
784
785
283
284
565
789
790
566
792
793
794
795
567
797
798
296
297
568
299
302
569
745
318
319
320
321
324
327
328
329
330
339
340
781
349
350
351
782
783
359
361
362
369
370
371
372
373
374
375
376
786
787
788
791
408
409
410
411
796
422
423
425
426
429
430
799
438
440
800
443
444
445
446
447
448
801
802
456
457
461
462
466
467
470
471
474
476
478
506
507
508
