1
2
3
7
8
9
524
525
526
527
528
25
26
27
28
543
544
545
548
549
39
40
551
552
553
557
558
559
560
621
54
55
570
571
60
61
62
63
64
65
624
72
73
587
588
589
590
79
80
81
82
591
592
593
626
90
91
98
99
630
102
103
104
105
616
617
108
619
620
111
112
113
114
115
116
117
118
119
120
121
625
123
627
628
629
127
128
129
130
636
132
637
137
661
662
663
170
171
172
174
686
687
690
691
692
693
183
184
186
702
704
705
194
195
706
707
199
206
212
214
223
224
226
227
230
744
233
745
746
747
748
241
242
753
754
757
758
764
765
766
767
768
769
770
782
783
784
278
279
280
281
282
293
294
295
298
819
820
824
825
826
318
319
320
321
833
834
324
840
841
842
843
844
845
846
847
339
340
341
342
852
853
871
877
891
892
893
403
404
405
415
416
425
426
427
428
440
451
452
453
454
458
462
463
464
465
474
475
506
507
508
