531
532
533
534
29
30
31
32
33
34
35
36
546
547
550
41
42
554
555
564
565
566
567
574
575
576
577
578
579
582
583
584
588
77
78
589
595
596
597
598
607
608
609
613
614
615
616
617
621
622
623
631
632
633
122
634
124
125
126
635
638
129
130
131
639
133
134
135
136
640
138
139
140
141
142
143
144
145
146
147
148
149
169
173
696
697
698
699
700
703
196
197
708
709
712
713
714
715
213
215
220
221
225
238
239
240
751
752
246
247
248
263
264
778
781
302
303
304
305
306
819
820
821
822
823
875
876
829
830
831
832
877
878
835
836
837
838
839
879
333
334
850
339
340
851
854
343
344
345
346
347
348
349
350
855
856
857
858
859
860
861
862
359
866
361
362
363
364
365
871
872
873
369
874
371
372
373
374
375
376
377
378
379
885
886
887
894
895
896
897
898
436
437
439
442
443
444
445
446
447
448
459
460
461
466
467
470
471
473
478
