1024
1
2
3
4
5
6
7
8
9
522
523
529
530
27
28
546
547
37
38
551
552
553
43
44
45
559
48
49
50
51
560
572
573
574
575
576
577
578
579
72
73
74
75
76
585
586
79
80
81
82
594
84
85
86
87
88
89
595
596
602
603
604
610
611
612
613
102
103
614
106
107
622
111
112
113
623
627
116
117
628
629
630
123
125
126
128
131
137
650
651
652
653
654
655
656
657
658
661
662
663
152
153
154
155
156
157
158
159
160
667
668
677
678
170
171
686
687
182
199
203
209
210
211
212
722
723
724
725
726
727
728
729
730
731
732
733
227
739
740
230
741
233
235
236
237
239
240
751
242
752
252
253
254
255
256
257
258
259
260
764
774
779
287
288
289
810
811
812
813
814
815
816
817
818
311
312
322
323
324
328
329
330
333
334
335
336
854
855
868
869
370
884
374
375
376
387
388
389
390
391
392
393
394
395
900
904
408
409
410
411
440
953
954
456
457
459
460
462
464
466
467
981
474
479
495
496
497
498
499
500
501
502
503
1009
1010
1018
1019
1020
1021
1022
1023
