25
26
39
40
48
49
50
51
52
53
54
55
56
57
58
59
79
80
81
82
88
89
90
91
92
93
94
96
97
100
101
113
123
128
129
130
132
133
134
135
136
147
148
149
172
174
179
180
181
183
184
185
187
188
189
191
192
194
196
197
198
199
200
203
204
205
206
211
212
214
215
216
217
225
228
229
231
232
234
242
246
247
248
278
279
280
281
282
283
284
285
286
287
288
289
296
297
298
302
307
308
316
317
322
323
324
325
326
331
332
333
334
335
336
339
340
353
354
357
361
362
370
371
372
373
396
397
398
401
402
403
404
405
415
416
417
418
419
422
423
425
426
429
430
434
435
436
437
438
440
442
443
444
445
447
448
449
450
453
454
456
457
459
460
461
462
470
471
475
478
479
548
549
550
551
552
553
570
571
574
575
576
585
586
590
591
594
602
603
604
610
611
612
613
614
615
624
625
627
628
633
634
635
636
637
661
662
663
664
665
666
667
668
669
670
671
672
673
690
691
692
693
700
701
702
704
705
706
707
712
713
714
715
734
735
739
740
741
744
745
747
748
749
750
753
754
757
758
761
762
763
765
766
769
770
775
778
779
819
820
821
822
823
833
834
837
838
839
840
841
842
843
844
846
847
848
849
854
855
856
857
858
859
860
861
870
871
872
873
874
875
876
878
879
885
886
887
906
907
908
909
910
911
912
913
914
915
916
917
918
919
920
921
922
923
924
925
926
927
928
929
930
931
932
933
934
935
936
937
938
939
940
941
942
943
944
945
946
947
948
949
950
951
952
953
954
955
956
957
958
959
960
961
962
963
964
965
966
967
968
969
970
971
972
973
974
975
976
977
978
979
980
981
982
983
984
985
986
987
988
989
990
991
992
993
994
995
996
997
998
999
1000
1001
1002
1003
1004
1005
1006
1007
1008
