532
533
534
23
24
25
26
27
28
540
541
542
35
36
37
38
548
549
550
56
57
58
59
60
61
62
580
69
70
71
581
74
75
76
602
603
92
93
94
604
607
608
609
619
620
109
110
624
625
629
630
129
130
143
161
162
163
164
167
168
172
173
185
186
190
703
704
193
194
195
705
706
708
709
714
715
206
207
214
215
218
219
220
221
736
737
738
228
229
741
742
743
744
234
745
749
750
753
754
757
758
261
262
778
270
271
272
273
274
275
782
783
784
280
281
282
283
284
299
819
820
313
314
833
834
325
326
840
841
842
845
846
847
339
340
341
342
856
857
858
859
860
349
350
861
355
356
358
361
362
876
877
901
902
396
397
398
401
402
403
404
405
924
925
417
424
433
436
437
438
948
949
443
444
445
446
447
448
962
968
969
970
461
979
469
982
983
472
473
475
476
477
478
1011
1012
1013
1014
1015
1016
1017
